   1142.00000000000        952.000000000000        1114.00000000000     
   645.000000000000        1024.00000000000        321.000000000000     
   1129.00000000000        775.000000000000        308.000000000000     
   613.000000000000        1290.00000000000        1198.00000000000     
   1191.00000000000        1315.00000000000        1316.00000000000     
   1243.00000000000        1210.00000000000        1241.00000000000     
   1266.00000000000        1329.00000000000        1413.00000000000     
   1431.00000000000        1433.00000000000        1437.00000000000     
   1352.00000000000        1380.00000000000        1444.00000000000     
   1443.00000000000        1416.00000000000        1393.00000000000     
   1617.00000000000        1578.00000000000        1481.00000000000     
   1491.00000000000        1480.00000000000        1585.00000000000     
   1498.00000000000        1596.00000000000        1480.00000000000     
   1582.00000000000        1634.00000000000        1780.00000000000     
   1772.00000000000        1709.00000000000        1736.00000000000     
   1723.00000000000        1707.00000000000        1711.00000000000     
   1708.00000000000        1756.00000000000        1943.00000000000     
   1956.00000000000        1968.00000000000        1837.00000000000     
   1993.00000000000        1981.00000000000        1808.00000000000     
   1968.00000000000        1793.00000000000        1800.00000000000     
   2251.00000000000        2001.00000000000        2140.00000000000     
   2107.00000000000        2100.00000000000        2103.00000000000     
   2056.00000000000        2169.00000000000        2256.00000000000     
   2145.00000000000        2668.00000000000        2371.00000000000     
   2474.00000000000        2631.00000000000        2688.00000000000     
   2531.00000000000        2603.00000000000        2481.00000000000     
   2459.00000000000        2463.00000000000        2975.00000000000     
   3164.00000000000        3280.00000000000        3157.00000000000     
   2871.00000000000        3550.00000000000        3367.00000000000     
   3272.00000000000        3473.00000000000        3078.00000000000     
   4508.00000000000        3966.00000000000        4310.00000000000     
   4355.00000000000        3630.00000000000        4599.00000000000     
   4166.00000000000        4166.00000000000        4375.00000000000     
   4390.00000000000     
