   884045.000000000        1032422.00000000        1223205.00000000     
   1313252.00000000        1215918.00000000        1087240.00000000     
   971472.000000000        870626.000000000        772222.000000000     
   686874.000000000        605176.000000000        533705.000000000     
   472968.000000000        417986.000000000        369289.000000000     
   320274.000000000        286857.000000000        259865.000000000     
   236756.000000000        215503.000000000        194232.000000000     
   176878.000000000        159483.000000000        143725.000000000     
   130763.000000000        118023.000000000        107143.000000000     
   97467.0000000000        89950.0000000000        82667.0000000000     
   75043.0000000000        68714.0000000000        63265.0000000000     
   57783.0000000000        53563.0000000000        49653.0000000000     
   45769.0000000000        42437.0000000000        39604.0000000000     
   37312.0000000000        34054.0000000000        31777.0000000000     
   29996.0000000000        27138.0000000000        25523.0000000000     
   23961.0000000000        22319.0000000000        20931.0000000000     
   19882.0000000000        18931.0000000000        17907.0000000000     
   16518.0000000000        15418.0000000000        14580.0000000000     
   14166.0000000000        12997.0000000000        12098.0000000000     
   11560.0000000000        11134.0000000000        10348.0000000000     
   9806.00000000000        9422.00000000000        8762.00000000000     
   8423.00000000000        7915.00000000000        7612.00000000000     
   7227.00000000000        6990.00000000000        6473.00000000000     
   6461.00000000000        6022.00000000000        5849.00000000000     
   5489.00000000000        5332.00000000000        5010.00000000000     
   4775.00000000000        161565.000000000     
